6
NTR-2001    4  P  *
0  2.785956e-02
0  3.136970e-02
0  3.209705e-02
1  0.000000e+00
ASP-18      5  P  *
1 -1.117671e-02
1 -1.266745e-02
1  2.823334e-03
1 -7.278087e-03
0  0.000000e+00
GLU-35      5  P  *
1 -2.121005e-02
1 -1.605209e-02
1 -1.369463e-02
1 -7.134151e-03
0  0.000000e+00
ASP-48      5  P  *
1  8.734852e-03
1 -8.277605e-03
1  8.798316e-03
1 -4.660434e-03
0  0.000000e+00
ASP-66      5  P  *
1  3.345801e-03
1 -5.989412e-03
1  5.538250e-03
1  1.274074e-02
0  0.000000e+00
CTR-2129    5  P  *
1 -1.001360e-02
1 -8.042933e-03
1 -1.009924e-03
1 -2.805293e-03
0  0.000000e+00
     0  0     1  0 -1.963489e-06
     0  1     1  0 -1.596170e-06
     0  2     1  0 -1.432917e-06
     0  3     1  0 -0.000000e+00
     0  0     1  1 -1.895591e-06
     0  1     1  1 -1.528271e-06
     0  2     1  1 -1.365018e-06
     0  3     1  1 -0.000000e+00
     0  0     1  2 -2.207905e-06
     0  1     1  2 -1.761927e-06
     0  2     1  2 -1.598674e-06
     0  3     1  2 -0.000000e+00
     0  0     1  3 -1.933436e-06
     0  1     1  3 -1.566116e-06
     0  2     1  3 -1.402863e-06
     0  3     1  3 -0.000000e+00
     0  0     1  4 -0.000000e+00
     0  1     1  4 -0.000000e+00
     0  2     1  4 -0.000000e+00
     0  3     1  4 -0.000000e+00
     0  0     2  0 -4.870173e-05
     0  1     2  0 -3.522389e-05
     0  2     2  0 -3.540829e-05
     0  3     2  0 -0.000000e+00
     0  0     2  1 -4.608022e-05
     0  1     2  1 -3.330400e-05
     0  2     2  1 -3.340974e-05
     0  3     2  1 -0.000000e+00
     0  0     2  2 -6.113122e-05
     0  1     2  2 -4.365368e-05
     0  2     2  2 -4.363996e-05
     0  3     2  2 -0.000000e+00
     0  0     2  3 -4.805493e-05
     0  1     2  3 -3.469916e-05
     0  2     2  3 -3.468246e-05
     0  3     2  3 -0.000000e+00
     0  0     2  4 -0.000000e+00
     0  1     2  4 -0.000000e+00
     0  2     2  4 -0.000000e+00
     0  3     2  4 -0.000000e+00
     0  0     3  0 -1.108173e-06
     0  1     3  0 -9.041066e-07
     0  2     3  0 -9.041066e-07
     0  3     3  0 -0.000000e+00
     0  0     3  1 -9.645845e-07
     0  1     3  1 -7.605181e-07
     0  2     3  1 -7.605181e-07
     0  3     3  1 -0.000000e+00
     0  0     3  2 -1.070328e-06
     0  1     3  2 -8.662616e-07
     0  2     3  2 -8.662616e-07
     0  3     3  2 -0.000000e+00
     0  0     3  3 -9.267394e-07
     0  1     3  3 -7.226731e-07
     0  2     3  3 -7.226731e-07
     0  3     3  3 -0.000000e+00
     0  0     3  4 -0.000000e+00
     0  1     3  4 -0.000000e+00
     0  2     3  4 -0.000000e+00
     0  3     3  4 -0.000000e+00
     0  0     4  0 -1.188993e-05
     0  1     4  0 -1.065532e-05
     0  2     4  0 -9.679794e-06
     0  3     4  0 -0.000000e+00
     0  0     4  1 -1.321784e-05
     0  1     4  1 -1.191534e-05
     0  2     4  1 -1.088694e-05
     0  3     4  1 -0.000000e+00
     0  0     4  2 -1.180412e-05
     0  1     4  2 -1.068899e-05
     0  2     4  2 -9.675620e-06
     0  3     4  2 -0.000000e+00
     0  0     4  3 -1.634330e-05
     0  1     4  3 -1.480483e-05
     0  2     4  3 -1.361911e-05
     0  3     4  3 -0.000000e+00
     0  0     4  4 -0.000000e+00
     0  1     4  4 -0.000000e+00
     0  2     4  4 -0.000000e+00
     0  3     4  4 -0.000000e+00
     0  0     5  0 -5.894827e-06
     0  1     5  0 -5.671003e-06
     0  2     5  0 -5.108244e-06
     0  3     5  0 -0.000000e+00
     0  0     5  1 -4.996564e-06
     0  1     5  1 -4.795559e-06
     0  2     5  1 -4.247826e-06
     0  3     5  1 -0.000000e+00
     0  0     5  2 -7.201686e-06
     0  1     5  2 -6.937050e-06
     0  2     5  2 -6.295632e-06
     0  3     5  2 -0.000000e+00
     0  0     5  3 -4.594554e-06
     0  1     5  3 -4.393548e-06
     0  2     5  3 -3.886629e-06
     0  3     5  3 -0.000000e+00
     0  0     5  4 -0.000000e+00
     0  1     5  4 -0.000000e+00
     0  2     5  4 -0.000000e+00
     0  3     5  4 -0.000000e+00
     1  0     2  0  2.124043e-05
     1  1     2  0  1.706969e-05
     1  2     2  0  3.116761e-05
     1  3     2  0  1.680477e-05
     1  4     2  0  0.000000e+00
     1  0     2  1  2.374442e-05
     1  1     2  1  1.945290e-05
     1  2     2  1  3.429103e-05
     1  3     2  1  1.918799e-05
     1  4     2  1  0.000000e+00
     1  0     2  2  2.321969e-05
     1  1     2  2  1.894320e-05
     1  2     2  2  3.356316e-05
     1  3     2  2  1.867828e-05
     1  4     2  2  0.000000e+00
     1  0     2  3  3.190076e-05
     1  1     2  3  2.663641e-05
     1  2     2  3  4.589127e-05
     1  3     2  3  2.633365e-05
     1  4     2  3  0.000000e+00
     1  0     2  4  0.000000e+00
     1  1     2  4  0.000000e+00
     1  2     2  4  0.000000e+00
     1  3     2  4  0.000000e+00
     1  4     2  4  0.000000e+00
     1  0     3  0  1.476698e-07
     1  1     3  0  1.476698e-07
     1  2     3  0  1.855149e-07
     1  3     3  0  1.855149e-07
     1  4     3  0  0.000000e+00
     1  0     3  1  1.476698e-07
     1  1     3  1  1.476698e-07
     1  2     3  1  1.855149e-07
     1  3     3  1  1.855149e-07
     1  4     3  1  0.000000e+00
     1  0     3  2  1.476698e-07
     1  1     3  2  1.476698e-07
     1  2     3  2  1.855149e-07
     1  3     3  2  1.855149e-07
     1  4     3  2  0.000000e+00
     1  0     3  3  1.476698e-07
     1  1     3  3  1.476698e-07
     1  2     3  3  1.855149e-07
     1  3     3  3  1.855149e-07
     1  4     3  3  0.000000e+00
     1  0     3  4  0.000000e+00
     1  1     3  4  0.000000e+00
     1  2     3  4  0.000000e+00
     1  3     3  4  0.000000e+00
     1  4     3  4  0.000000e+00
     1  0     4  0  4.032165e-07
     1  1     4  0  3.503448e-07
     1  2     4  0  4.410616e-07
     1  3     4  0  3.124998e-07
     1  4     4  0  0.000000e+00
     1  0     4  1  4.032165e-07
     1  1     4  1  3.503448e-07
     1  2     4  1  4.410616e-07
     1  3     4  1  3.124998e-07
     1  4     4  1  0.000000e+00
     1  0     4  2  4.410616e-07
     1  1     4  2  3.881898e-07
     1  2     4  2  4.789066e-07
     1  3     4  2  3.503448e-07
     1  4     4  2  0.000000e+00
     1  0     4  3  4.410616e-07
     1  1     4  3  3.881898e-07
     1  2     4  3  4.789066e-07
     1  3     4  3  3.503448e-07
     1  4     4  3  0.000000e+00
     1  0     4  4  0.000000e+00
     1  1     4  4  0.000000e+00
     1  2     4  4  0.000000e+00
     1  3     4  4  0.000000e+00
     1  4     4  4  0.000000e+00
     1  0     5  0  3.876453e-04
     1  1     5  0  4.479046e-04
     1  2     5  0  3.909161e-04
     1  3     5  0  5.282527e-04
     1  4     5  0  0.000000e+00
     1  0     5  1  3.875382e-04
     1  1     5  1  4.521224e-04
     1  2     5  1  3.826668e-04
     1  3     5  1  5.269245e-04
     1  4     5  1  0.000000e+00
     1  0     5  2  4.368297e-04
     1  1     5  2  4.980090e-04
     1  2     5  2  4.441499e-04
     1  3     5  2  5.759349e-04
     1  4     5  2  0.000000e+00
     1  0     5  3  4.324513e-04
     1  1     5  3  5.058829e-04
     1  2     5  3  4.177023e-04
     1  3     5  3  5.736079e-04
     1  4     5  3  0.000000e+00
     1  0     5  4  0.000000e+00
     1  1     5  4  0.000000e+00
     1  2     5  4  0.000000e+00
     1  3     5  4  0.000000e+00
     1  4     5  4  0.000000e+00
     2  0     3  0  3.905624e-04
     2  1     3  0  3.744264e-04
     2  2     3  0  3.533672e-04
     2  3     3  0  3.301922e-04
     2  4     3  0  0.000000e+00
     2  0     3  1  4.188663e-04
     2  1     3  1  4.031533e-04
     2  2     3  1  3.783663e-04
     2  3     3  1  3.562566e-04
     2  4     3  1  0.000000e+00
     2  0     3  2  3.315167e-04
     2  1     3  2  3.183838e-04
     2  2     3  2  2.996577e-04
     2  3     3  2  2.800913e-04
     2  4     3  2  0.000000e+00
     2  0     3  3  3.418751e-04
     2  1     3  3  3.306161e-04
     2  2     3  3  3.096632e-04
     2  3     3  3  2.928780e-04
     2  4     3  3  0.000000e+00
     2  0     3  4  0.000000e+00
     2  1     3  4  0.000000e+00
     2  2     3  4  0.000000e+00
     2  3     3  4  0.000000e+00
     2  4     3  4  0.000000e+00
     2  0     4  0  9.234280e-05
     2  1     4  0  8.773647e-05
     2  2     4  0  9.259102e-05
     2  3     4  0  8.150066e-05
     2  4     4  0  0.000000e+00
     2  0     4  1  1.076516e-04
     2  1     4  1  1.019806e-04
     2  2     4  1  1.080356e-04
     2  3     4  1  9.449088e-05
     2  4     4  1  0.000000e+00
     2  0     4  2  8.454431e-05
     2  1     4  2  8.058023e-05
     2  2     4  2  8.479253e-05
     2  3     4  2  7.502564e-05
     2  4     4  2  0.000000e+00
     2  0     4  3  1.144297e-04
     2  1     4  3  1.081165e-04
     2  2     4  3  1.157220e-04
     2  3     4  3  1.001348e-04
     2  4     4  3  0.000000e+00
     2  0     4  4  0.000000e+00
     2  1     4  4  0.000000e+00
     2  2     4  4  0.000000e+00
     2  3     4  4  0.000000e+00
     2  4     4  4  0.000000e+00
     2  0     5  0  3.454565e-06
     2  1     5  0  3.537490e-06
     2  2     5  0  3.681635e-06
     2  3     5  0  4.154327e-06
     2  4     5  0  0.000000e+00
     2  0     5  1  2.715474e-06
     2  1     5  1  2.798399e-06
     2  2     5  1  2.942544e-06
     2  3     5  1  3.385182e-06
     2  4     5  1  0.000000e+00
     2  0     5  2  5.011776e-06
     2  1     5  2  5.094702e-06
     2  2     5  2  5.276692e-06
     2  3     5  2  5.938609e-06
     2  4     5  2  0.000000e+00
     2  0     5  3  2.601939e-06
     2  1     5  3  2.684864e-06
     2  2     5  3  2.829009e-06
     2  3     5  3  3.271647e-06
     2  4     5  3  0.000000e+00
     2  0     5  4  0.000000e+00
     2  1     5  4  0.000000e+00
     2  2     5  4  0.000000e+00
     2  3     5  4  0.000000e+00
     2  4     5  4  0.000000e+00
     3  0     4  0  8.042844e-04
     3  1     4  0  5.001387e-04
     3  2     4  0  8.131729e-04
     3  3     4  0  4.163781e-04
     3  4     4  0  0.000000e+00
     3  0     4  1  9.452959e-04
     3  1     4  1  5.701123e-04
     3  2     4  1  9.556776e-04
     3  3     4  1  4.737576e-04
     3  4     4  1  0.000000e+00
     3  0     4  2  6.180803e-04
     3  1     4  2  3.971597e-04
     3  2     4  2  6.180752e-04
     3  3     4  2  3.305428e-04
     3  4     4  2  0.000000e+00
     3  0     4  3  7.655571e-04
     3  1     4  3  4.748981e-04
     3  2     4  3  7.605358e-04
     3  3     4  3  3.926218e-04
     3  4     4  3  0.000000e+00
     3  0     4  4  0.000000e+00
     3  1     4  4  0.000000e+00
     3  2     4  4  0.000000e+00
     3  3     4  4  0.000000e+00
     3  4     4  4  0.000000e+00
     3  0     5  0  5.358596e-07
     3  1     5  0  5.887314e-07
     3  2     5  0  5.737047e-07
     3  3     5  0  6.265764e-07
     3  4     5  0  0.000000e+00
     3  0     5  1  5.358596e-07
     3  1     5  1  5.887314e-07
     3  2     5  1  5.737047e-07
     3  3     5  1  6.265764e-07
     3  4     5  1  0.000000e+00
     3  0     5  2  5.358596e-07
     3  1     5  2  5.887314e-07
     3  2     5  2  5.737047e-07
     3  3     5  2  6.265764e-07
     3  4     5  2  0.000000e+00
     3  0     5  3  5.737047e-07
     3  1     5  3  6.265764e-07
     3  2     5  3  6.115497e-07
     3  3     5  3  6.644214e-07
     3  4     5  3  0.000000e+00
     3  0     5  4  0.000000e+00
     3  1     5  4  0.000000e+00
     3  2     5  4  0.000000e+00
     3  3     5  4  0.000000e+00
     3  4     5  4  0.000000e+00
     4  0     5  0  2.782723e-07
     4  1     5  0  2.404272e-07
     4  2     5  0  2.782723e-07
     4  3     5  0  2.404272e-07
     4  4     5  0  0.000000e+00
     4  0     5  1  2.782723e-07
     4  1     5  1  2.404272e-07
     4  2     5  1  2.782723e-07
     4  3     5  1  2.404272e-07
     4  4     5  1  0.000000e+00
     4  0     5  2  3.161173e-07
     4  1     5  2  2.782723e-07
     4  2     5  2  3.161173e-07
     4  3     5  2  2.782723e-07
     4  4     5  2  0.000000e+00
     4  0     5  3  3.161173e-07
     4  1     5  3  2.782723e-07
     4  2     5  3  3.161173e-07
     4  3     5  3  2.782723e-07
     4  4     5  3  0.000000e+00
     4  0     5  4  0.000000e+00
     4  1     5  4  0.000000e+00
     4  2     5  4  0.000000e+00
     4  3     5  4  0.000000e+00
     4  4     5  4  0.000000e+00
