[-1.005, 10.465, 7.75]
[-4.7, 13.219999999999999, 5.76]
[-15.755, 20.665, 11.735]
[-9.73, 12.445, 17.275]
[-14.715, 24.620000000000005, 14.555]
[-11.32, 21.759999999999998, 24.89]
[-7.74, 30.05, 22.229999999999997]
[-11.065000000000001, 29.884999999999998, 14.805]
[2.455, 24.335, 7.5]
[4.619999999999999, 24.57, 17.86]
[3.8249999999999997, 19.365000000000002, 13.325]
[2.38, 11.530000000000001, 12.75]
[11.79, 14.41, 17.555]
[18.92, 25.85, 26.395000000000003]
[13.93, 22.919999999999998, 29.32]
[11.965, 20.314999999999998, 27.325]
[13.29, 15.924999999999999, 23.665]
[9.094999999999999, 21.33, 22.64]
[9.235, 13.715, 22.919999999999998]
[10.344999999999999, 16.424999999999997, 27.635]
[11.495, 12.795, 27.435]
[12.795, 15.67, 29.98]
[8.48, 14.8, 32.644999999999996]
[3.285, 10.945, 9.965]
[-0.3600000000000001, 6.82, 16.515]
[-0.895, 6.77, 12.155000000000001]
[-5.619999999999999, 7.84, 16.825]
[-7.43, 9.505, 19.5]
[-0.5349999999999999, 14.434999999999999, 19.830000000000002]
[-10.155, 17.310000000000002, 23.700000000000003]
[-5.085, 16.585, 31.615000000000002]
[-8.809999999999999, 23.049999999999997, 29.46]
[-1.4949999999999999, 24.75, 32.825]
[6.27, 6.3549999999999995, 23.055]
[-1.94, 36.339999999999996, 20.995]
[-2.73, 34.855000000000004, 11.85]
[-8.635, 35.215, 7.659999999999999]
