6
NTR-2001    4  P  *
0  8.986954e-03
0  1.011926e-02
0  1.035389e-02
1  0.000000e+00
ASP-18      5  P  *
1 -3.605389e-03
1 -4.086274e-03
1  9.107529e-04
1 -2.347770e-03
0  0.000000e+00
GLU-35      5  P  *
1 -6.841952e-03
1 -5.178092e-03
1 -4.417621e-03
1 -2.301339e-03
0  0.000000e+00
ASP-48      5  P  *
1  2.817694e-03
1 -2.670195e-03
1  2.838166e-03
1 -1.503366e-03
0  0.000000e+00
ASP-66      5  P  *
1  1.079291e-03
1 -1.932068e-03
1  1.786532e-03
1  4.109917e-03
0  0.000000e+00
CTR-2129    5  P  *
1 -3.230194e-03
1 -2.594495e-03
1 -3.257818e-04
1 -9.049332e-04
0  0.000000e+00
     0  0     1  0 -6.333836e-07
     0  1     1  0 -5.148935e-07
     0  2     1  0 -4.622312e-07
     0  3     1  0 -0.000000e+00
     0  0     1  1 -6.114809e-07
     0  1     1  1 -4.929908e-07
     0  2     1  1 -4.403285e-07
     0  3     1  1 -0.000000e+00
     0  0     1  2 -7.122274e-07
     0  1     1  2 -5.683636e-07
     0  2     1  2 -5.157014e-07
     0  3     1  2 -0.000000e+00
     0  0     1  3 -6.236890e-07
     0  1     1  3 -5.051988e-07
     0  2     1  3 -4.525365e-07
     0  3     1  3 -0.000000e+00
     0  0     1  4 -0.000000e+00
     0  1     1  4 -0.000000e+00
     0  2     1  4 -0.000000e+00
     0  3     1  4 -0.000000e+00
     0  0     2  0 -1.571024e-05
     0  1     2  0 -1.136255e-05
     0  2     2  0 -1.142203e-05
     0  3     2  0 -0.000000e+00
     0  0     2  1 -1.486459e-05
     0  1     2  1 -1.074322e-05
     0  2     2  1 -1.077734e-05
     0  3     2  1 -0.000000e+00
     0  0     2  2 -1.971975e-05
     0  1     2  2 -1.408183e-05
     0  2     2  2 -1.407741e-05
     0  3     2  2 -0.000000e+00
     0  0     2  3 -1.550159e-05
     0  1     2  3 -1.119328e-05
     0  2     2  3 -1.118789e-05
     0  3     2  3 -0.000000e+00
     0  0     2  4 -0.000000e+00
     0  1     2  4 -0.000000e+00
     0  2     2  4 -0.000000e+00
     0  3     2  4 -0.000000e+00
     0  0     3  0 -3.574751e-07
     0  1     3  0 -2.916473e-07
     0  2     3  0 -2.916473e-07
     0  3     3  0 -0.000000e+00
     0  0     3  1 -3.111563e-07
     0  1     3  1 -2.453284e-07
     0  2     3  1 -2.453284e-07
     0  3     3  1 -0.000000e+00
     0  0     3  2 -3.452671e-07
     0  1     3  2 -2.794392e-07
     0  2     3  2 -2.794392e-07
     0  3     3  2 -0.000000e+00
     0  0     3  3 -2.989482e-07
     0  1     3  3 -2.331204e-07
     0  2     3  3 -2.331204e-07
     0  3     3  3 -0.000000e+00
     0  0     3  4 -0.000000e+00
     0  1     3  4 -0.000000e+00
     0  2     3  4 -0.000000e+00
     0  3     3  4 -0.000000e+00
     0  0     4  0 -3.835460e-06
     0  1     4  0 -3.437201e-06
     0  2     4  0 -3.122514e-06
     0  3     4  0 -0.000000e+00
     0  0     4  1 -4.263819e-06
     0  1     4  1 -3.843658e-06
     0  2     4  1 -3.511916e-06
     0  3     4  1 -0.000000e+00
     0  0     4  2 -3.807782e-06
     0  1     4  2 -3.448063e-06
     0  2     4  2 -3.121168e-06
     0  3     4  2 -0.000000e+00
     0  0     4  3 -5.272033e-06
     0  1     4  3 -4.775751e-06
     0  2     4  3 -4.393261e-06
     0  3     4  3 -0.000000e+00
     0  0     4  4 -0.000000e+00
     0  1     4  4 -0.000000e+00
     0  2     4  4 -0.000000e+00
     0  3     4  4 -0.000000e+00
     0  0     5  0 -1.901557e-06
     0  1     5  0 -1.829356e-06
     0  2     5  0 -1.647821e-06
     0  3     5  0 -0.000000e+00
     0  0     5  1 -1.611795e-06
     0  1     5  1 -1.546954e-06
     0  2     5  1 -1.370267e-06
     0  3     5  1 -0.000000e+00
     0  0     5  2 -2.323125e-06
     0  1     5  2 -2.237758e-06
     0  2     5  2 -2.030849e-06
     0  3     5  2 -0.000000e+00
     0  0     5  3 -1.482114e-06
     0  1     5  3 -1.417274e-06
     0  2     5  3 -1.253751e-06
     0  3     5  3 -0.000000e+00
     0  0     5  4 -0.000000e+00
     0  1     5  4 -0.000000e+00
     0  2     5  4 -0.000000e+00
     0  3     5  4 -0.000000e+00
     1  0     2  0  6.851752e-06
     1  1     2  0  5.506350e-06
     1  2     2  0  1.005407e-05
     1  3     2  0  5.420894e-06
     1  4     2  0  0.000000e+00
     1  0     2  1  7.659489e-06
     1  1     2  1  6.275130e-06
     1  2     2  1  1.106162e-05
     1  3     2  1  6.189673e-06
     1  4     2  1  0.000000e+00
     1  0     2  2  7.490222e-06
     1  1     2  2  6.110710e-06
     1  2     2  2  1.082683e-05
     1  3     2  2  6.025253e-06
     1  4     2  2  0.000000e+00
     1  0     2  3  1.029057e-05
     1  1     2  3  8.592390e-06
     1  2     2  3  1.480364e-05
     1  3     2  3  8.494725e-06
     1  4     2  3  0.000000e+00
     1  0     2  4  0.000000e+00
     1  1     2  4  0.000000e+00
     1  2     2  4  0.000000e+00
     1  3     2  4  0.000000e+00
     1  4     2  4  0.000000e+00
     1  0     3  0  4.763543e-08
     1  1     3  0  4.763543e-08
     1  2     3  0  5.984350e-08
     1  3     3  0  5.984350e-08
     1  4     3  0  0.000000e+00
     1  0     3  1  4.763543e-08
     1  1     3  1  4.763543e-08
     1  2     3  1  5.984350e-08
     1  3     3  1  5.984350e-08
     1  4     3  1  0.000000e+00
     1  0     3  2  4.763543e-08
     1  1     3  2  4.763543e-08
     1  2     3  2  5.984350e-08
     1  3     3  2  5.984350e-08
     1  4     3  2  0.000000e+00
     1  0     3  3  4.763543e-08
     1  1     3  3  4.763543e-08
     1  2     3  3  5.984350e-08
     1  3     3  3  5.984350e-08
     1  4     3  3  0.000000e+00
     1  0     3  4  0.000000e+00
     1  1     3  4  0.000000e+00
     1  2     3  4  0.000000e+00
     1  3     3  4  0.000000e+00
     1  4     3  4  0.000000e+00
     1  0     4  0  1.300698e-07
     1  1     4  0  1.130144e-07
     1  2     4  0  1.422779e-07
     1  3     4  0  1.008064e-07
     1  4     4  0  0.000000e+00
     1  0     4  1  1.300698e-07
     1  1     4  1  1.130144e-07
     1  2     4  1  1.422779e-07
     1  3     4  1  1.008064e-07
     1  4     4  1  0.000000e+00
     1  0     4  2  1.422779e-07
     1  1     4  2  1.252225e-07
     1  2     4  2  1.544860e-07
     1  3     4  2  1.130144e-07
     1  4     4  2  0.000000e+00
     1  0     4  3  1.422779e-07
     1  1     4  3  1.252225e-07
     1  2     4  3  1.544860e-07
     1  3     4  3  1.130144e-07
     1  4     4  3  0.000000e+00
     1  0     4  4  0.000000e+00
     1  1     4  4  0.000000e+00
     1  2     4  4  0.000000e+00
     1  3     4  4  0.000000e+00
     1  4     4  4  0.000000e+00
     1  0     5  0  1.250469e-04
     1  1     5  0  1.444854e-04
     1  2     5  0  1.261020e-04
     1  3     5  0  1.704041e-04
     1  4     5  0  0.000000e+00
     1  0     5  1  1.250123e-04
     1  1     5  1  1.458459e-04
     1  2     5  1  1.234409e-04
     1  3     5  1  1.699756e-04
     1  4     5  1  0.000000e+00
     1  0     5  2  1.409128e-04
     1  1     5  2  1.606481e-04
     1  2     5  2  1.432742e-04
     1  3     5  2  1.857855e-04
     1  4     5  2  0.000000e+00
     1  0     5  3  1.395004e-04
     1  1     5  3  1.631880e-04
     1  2     5  3  1.347427e-04
     1  3     5  3  1.850348e-04
     1  4     5  3  0.000000e+00
     1  0     5  4  0.000000e+00
     1  1     5  4  0.000000e+00
     1  2     5  4  0.000000e+00
     1  3     5  4  0.000000e+00
     1  4     5  4  0.000000e+00
     2  0     3  0  1.259879e-04
     2  1     3  0  1.207827e-04
     2  2     3  0  1.139894e-04
     2  3     3  0  1.065136e-04
     2  4     3  0  0.000000e+00
     2  0     3  1  1.351182e-04
     2  1     3  1  1.300494e-04
     2  2     3  1  1.220537e-04
     2  3     3  1  1.149215e-04
     2  4     3  1  0.000000e+00
     2  0     3  2  1.069409e-04
     2  1     3  2  1.027045e-04
     2  2     3  2  9.666377e-05
     2  3     3  2  9.035205e-05
     2  4     3  2  0.000000e+00
     2  0     3  3  1.102823e-04
     2  1     3  3  1.066504e-04
     2  2     3  3  9.989137e-05
     2  3     3  3  9.447676e-05
     2  4     3  3  0.000000e+00
     2  0     3  4  0.000000e+00
     2  1     3  4  0.000000e+00
     2  2     3  4  0.000000e+00
     2  3     3  4  0.000000e+00
     2  4     3  4  0.000000e+00
     2  0     4  0  2.978800e-05
     2  1     4  0  2.830209e-05
     2  2     4  0  2.986807e-05
     2  3     4  0  2.629054e-05
     2  4     4  0  0.000000e+00
     2  0     4  1  3.472632e-05
     2  1     4  1  3.289696e-05
     2  2     4  1  3.485019e-05
     2  3     4  1  3.048093e-05
     2  4     4  1  0.000000e+00
     2  0     4  2  2.727236e-05
     2  1     4  2  2.599362e-05
     2  2     4  2  2.735243e-05
     2  3     4  2  2.420182e-05
     2  4     4  2  0.000000e+00
     2  0     4  3  3.691282e-05
     2  1     4  3  3.487628e-05
     2  2     4  3  3.732969e-05
     2  3     4  3  3.230155e-05
     2  4     4  3  0.000000e+00
     2  0     4  4  0.000000e+00
     2  1     4  4  0.000000e+00
     2  2     4  4  0.000000e+00
     2  3     4  4  0.000000e+00
     2  4     4  4  0.000000e+00
     2  0     5  0  1.114376e-06
     2  1     5  0  1.141126e-06
     2  2     5  0  1.187624e-06
     2  3     5  0  1.340105e-06
     2  4     5  0  0.000000e+00
     2  0     5  1  8.759592e-07
     2  1     5  1  9.027093e-07
     2  2     5  1  9.492077e-07
     2  3     5  1  1.091994e-06
     2  4     5  1  0.000000e+00
     2  0     5  2  1.616702e-06
     2  1     5  2  1.643452e-06
     2  2     5  2  1.702159e-06
     2  3     5  2  1.915680e-06
     2  4     5  2  0.000000e+00
     2  0     5  3  8.393350e-07
     2  1     5  3  8.660851e-07
     2  2     5  3  9.125835e-07
     2  3     5  3  1.055370e-06
     2  4     5  3  0.000000e+00
     2  0     5  4  0.000000e+00
     2  1     5  4  0.000000e+00
     2  2     5  4  0.000000e+00
     2  3     5  4  0.000000e+00
     2  4     5  4  0.000000e+00
     3  0     4  0  2.594466e-04
     3  1     4  0  1.613351e-04
     3  2     4  0  2.623138e-04
     3  3     4  0  1.343155e-04
     3  4     4  0  0.000000e+00
     3  0     4  1  3.049342e-04
     3  1     4  1  1.839072e-04
     3  2     4  1  3.082831e-04
     3  3     4  1  1.528250e-04
     3  4     4  1  0.000000e+00
     3  0     4  2  1.993807e-04
     3  1     4  2  1.281160e-04
     3  2     4  2  1.993791e-04
     3  3     4  2  1.066267e-04
     3  4     4  2  0.000000e+00
     3  0     4  3  2.469539e-04
     3  1     4  3  1.531929e-04
     3  2     4  3  2.453341e-04
     3  3     4  3  1.266522e-04
     3  4     4  3  0.000000e+00
     3  0     4  4  0.000000e+00
     3  1     4  4  0.000000e+00
     3  2     4  4  0.000000e+00
     3  3     4  4  0.000000e+00
     3  4     4  4  0.000000e+00
     3  0     5  0  1.728579e-07
     3  1     5  0  1.899133e-07
     3  2     5  0  1.850660e-07
     3  3     5  0  2.021214e-07
     3  4     5  0  0.000000e+00
     3  0     5  1  1.728579e-07
     3  1     5  1  1.899133e-07
     3  2     5  1  1.850660e-07
     3  3     5  1  2.021214e-07
     3  4     5  1  0.000000e+00
     3  0     5  2  1.728579e-07
     3  1     5  2  1.899133e-07
     3  2     5  2  1.850660e-07
     3  3     5  2  2.021214e-07
     3  4     5  2  0.000000e+00
     3  0     5  3  1.850660e-07
     3  1     5  3  2.021214e-07
     3  2     5  3  1.972741e-07
     3  3     5  3  2.143295e-07
     3  4     5  3  0.000000e+00
     3  0     5  4  0.000000e+00
     3  1     5  4  0.000000e+00
     3  2     5  4  0.000000e+00
     3  3     5  4  0.000000e+00
     3  4     5  4  0.000000e+00
     4  0     5  0  8.976525e-08
     4  1     5  0  7.755718e-08
     4  2     5  0  8.976525e-08
     4  3     5  0  7.755718e-08
     4  4     5  0  0.000000e+00
     4  0     5  1  8.976525e-08
     4  1     5  1  7.755718e-08
     4  2     5  1  8.976525e-08
     4  3     5  1  7.755718e-08
     4  4     5  1  0.000000e+00
     4  0     5  2  1.019733e-07
     4  1     5  2  8.976525e-08
     4  2     5  2  1.019733e-07
     4  3     5  2  8.976525e-08
     4  4     5  2  0.000000e+00
     4  0     5  3  1.019733e-07
     4  1     5  3  8.976525e-08
     4  2     5  3  1.019733e-07
     4  3     5  3  8.976525e-08
     4  4     5  3  0.000000e+00
     4  0     5  4  0.000000e+00
     4  1     5  4  0.000000e+00
     4  2     5  4  0.000000e+00
     4  3     5  4  0.000000e+00
     4  4     5  4  0.000000e+00
